0301001
0301007
0301016
0301018
0301019
0301027
0301028
0301034
0301043
0301044
0301045
0301047
0301051
0301053
0301054
0301059
0301063
0301064
0301069
0301070
0301072
0301074
0301075
0301077
0301082
0301087
0301088
0301089
0301093
0301094
0301098
0301099
0301101
0301107
0301111
0301117
0301118
0301123
0301140
0301146
0301147
0301149
0301151
0301165
0301167
0301174
0301175
0301179
0301180
0301182
0301185
0301190
0301192
0301193
0301196
0301199
0301200
0301210
0301211
0301212
0301213
0301214
0301217
0301220
0301224
0301227
0301228
0301230
0301231
0301235
0301236
0301238
0301239
0301241
0301244
0301246
0301256
0302001
0302003
0302004
0302005
0302010
0302012
0302013
0302014
0302015
0302023
0302025
0302027
0302030
0302031
0302041
0302046
0302049
0302051
0302054
0302055
0302059
0302062
0302067
0302070
0302072
0302074
0302077
0302078
0302079
0302080
0302083
0302084
0302088
0302095
0302096
0302098
0302101
0302102
0302103
0302107
0302111
0302113
0302114
0302126
0302130
0302139
0302144
0302149
0302154
0302155
0302157
0302161
0302167
0302169
0302174
0302176
0302177
0302178
0302181
0302183
0302184
0302185
0302190
0302193
0302199
0302200
0302202
0302209
0302210
0302213
0302214
0302228
0303003
0303022
0303025
0303049
0303056
0303064
0303068
0303069
0303073
0303076
0303079
0303086
0303088
0303090
0303091
0303096
0303098
0303102
0303106
0303108
0303111
0303115
0303117
0303118
0303119
0303123
0303124
0303125
0303131
0303134
0303136
0303152
0303158
0303164
0303165
0303167
0303174
0303175
0303184
0303185
0303191
0303202
0303205
0303215
0303216
0303217
0303226
0303227
0303231
0303232
0303235
0303237
0303239
0303241
0303242
0303247
0303255
0303264
0304002
0304016
0304019
0304024
0304034
0304037
0304038
0304041
0304043
0304046
0304049
0304052
0304053
0304054
0304055
0304059
0304060
0304067
0304072
0304077
0304080
0304083
0304088
0304090
0304091
0304092
0304096
0304097
0304099
0304100
0304101
0304102
0304104
0304111
0304114
0304121
0304125
0304131
0304135
0304145
0304149
0304151
0304152
0304159
0304165
0304174
0304175
0304177
0304178
0304179
0304181
0304200
0304202
0304204
0304221
0304232
0304233
0304235
0304240
0304247
0304248
0304257
0304260
0304265
0304267
