0301001
0301007
0301018
0301027
0301034
0301043
0301051
0301054
0301059
0301063
0301070
0301074
0301088
0301098
0301099
0301111
0301117
0301179
0301182
0301190
0301193
0301196
0301210
0301211
0301212
0301220
0301224
0301227
0301228
0301235
0301236
0301239
0301241
0301244
0301246
0301256
0302001
0302003
0302004
0302005
0302010
0302014
0302015
0302025
0302027
0302030
0302041
0302046
0302049
0302051
0302062
0302074
0302080
0302096
0302102
0302103
0302107
0302113
0302114
0302130
0302139
0302149
0302154
0302157
0302169
0302174
0302176
0302177
0302178
0302183
0302184
0302185
0302193
0302199
0302200
0302202
0302209
0302210
0302214
0302228
0303003
0303022
0303025
0303056
0303064
0303069
0303073
0303079
0303090
0303091
0303106
0303108
0303111
0303115
0303117
0303118
0303152
0303158
0303164
0303165
0303167
0303175
0303202
0303205
0303216
0303217
0303226
0303227
0303231
0303235
0303237
0303239
0303247
0304002
0304016
0304024
0304034
0304037
0304043
0304046
0304049
0304053
0304055
0304059
0304060
0304067
0304072
0304077
0304091
0304092
0304096
0304100
0304101
0304104
0304111
0304121
0304131
0304145
0304149
0304151
0304152
0304174
0304175
0304178
0304179
0304202
0304204
0304221
0304232
0304240
0304257
0304260
0304265
